              precision    recall  f1-score   support

           0     0.0000    0.0000    0.0000         3
           1     0.3333    0.1500    0.2069        20
           2     0.0000    0.0000    0.0000         9
           3     0.0000    0.0000    0.0000         2
           4     0.0000    0.0000    0.0000         1
           5     0.8977    0.9777    0.9360       314
           6     0.5000    0.2857    0.3636         7

    accuracy                         0.8789       355
   macro avg     0.2885    0.2356    0.2511       355
weighted avg     0.8226    0.8789    0.8467       355

