              precision    recall  f1-score   support

           0     0.0000    0.0000    0.0000         6
           1     0.0000    0.0000    0.0000         5
           2     0.0000    0.0000    0.0000         1
           3     0.0000    0.0000    0.0000         4
           4     0.0000    0.0000    0.0000        21
           5     0.0000    0.0000    0.0000         4
           6     0.0000    0.0000    0.0000        15
           7     0.0000    0.0000    0.0000         1
           8     0.0000    0.0000    0.0000         2
           9     0.8338    1.0000    0.9094       296

    accuracy                         0.8338       355
   macro avg     0.0834    0.1000    0.0909       355
weighted avg     0.6952    0.8338    0.7582       355
